Mlist = 
   0.999951  0.00183251 -0.00975624    0.003581
-0.00209921    0.999622  -0.0273969     0.00203
 0.00970235   0.0274161    0.999577     0.33298
          0           0           0           1
Mlist = 
   0.901099    0.433379   0.0142832 -0.00673019
  -0.404999    0.852945   -0.329332  0.00224372
  -0.154908    0.290976    0.944106   0.0287259
          0           0           0           1
Mlist = 
  0.963531   0.259379  -0.065811 -0.0214325
 -0.190313   0.837099    0.51288   0.113768
  0.188121  -0.481651   0.855934    0.19388
         0          0          0          1
Mlist = 
  0.866777  -0.326079   -0.37732  0.0362343
 0.0900949   0.846553  -0.524624 -0.0888969
   0.49049   0.420737   0.763151   0.156312
         0          0          0          1
Mlist = 
   0.7973 -0.180633  0.575921 0.0424984
0.0818223  0.977707  0.193376  0.105865
-0.598012 -0.107055  0.794305  0.227028
        0         0         0         1
Mlist = 
   0.981985   -0.188948 -0.00226139   0.0717621
   0.186642    0.967992    0.167796  -0.0130792
 -0.0295157   -0.165195    0.985819    0.037425
          0           0           0           1
Mlist = 
     0.98357   -0.0124631    -0.180095    0.0500836
 -0.00158447      0.99698   -0.0776471 -0.000684119
    0.180519    0.0766567      0.98058   -0.0905824
           0            0            0            1
Mlist = 
    0.707107     0.707107            0      -0.0051
    0.707107    -0.707107  1.22465e-16      -0.0023
 8.65956e-17 -8.65956e-17           -1      -0.0985
           0            0            0            1
