function Glist = Panda_Glist

m_1 = 4.971e+00;
Ix_1 = 1.415e-01 * m_1;
Iy_1 = 1.423e-01 * m_1;
Iz_1 = 1.734e-03 * m_1;

m_2 = 6.469e-01;
Ix_2 = 4.998e-03 * m_2;
Iy_2 = 4.868e-02 * m_2;
Iz_2 = 4.395e-02 * m_2;

m_3 = 3.229e+00;
Ix_3 = 1.957e-02 * m_3;
Iy_3 = 1.481e-02 * m_3;
Iz_3 = 5.146e-03 * m_3;

m_4 = 3.588e+00;
Ix_4 = 2.341e-02 * m_4;
Iy_4 = 2.137e-02 * m_4;
Iz_4 = 4.739e-03 * m_4;

m_5 = 1.226e+00;
Ix_5 = 3.306e-02 * m_5;
Iy_5 = 2.549e-02 * m_5;
Iz_5 = 8.138e-03 * m_5;

m_6 = 1.667e+00;
Ix_6 = 1.321e-03 * m_6;
Iy_6 = 7.081e-03 * m_6;
Iz_6 = 6.504e-03 * m_6;

m_7 = 7.355e-01 + 7.3e-01;
I7 = [0.0214,  0.0014,  0.0013;
      0.0014,  0.0190, -0.0007;
      0.0013, -0.0007,  0.0074];

G1 = diag([Ix_1, Iy_1, Iz_1, m_1, m_1, m_1]);
G2 = diag([Ix_2, Iy_2, Iz_2, m_2, m_2, m_2]);
G3 = diag([Ix_3, Iy_3, Iz_3, m_3, m_3, m_3]);
G4 = diag([Ix_4, Iy_4, Iz_4, m_4, m_4, m_4]);
G5 = diag([Ix_5, Iy_5, Iz_5, m_5, m_5, m_5]);
G6 = diag([Ix_6, Iy_6, Iz_6, m_6, m_6, m_6]);
G7 = [I7, zeros(3); zeros(3), diag([m_7, m_7, m_7])];

Glist = cat(3, G1, G2, G3, G4, G5, G6, G7);
end